-2055383062 15 35 55 355 444 4433 4514 34433 34434 34434 34554 35314 43537 43555 44433 45455 45455 333344 333554 533355 544544 614355 1334514 3135335 3445331 3445331 4434357 4535453 6143550 6361455 6363441 43143541 44335533 344343335 344613335 344613335 344613335 354133554 413355131 413355131 413355131 513355350 534333545 634341535 1048368154 1334353343 1334353343 1793827901 1793827901 
13 55 414 434 434 534 1453 3137 3335 4333 4543 34344 35314 35413 35413 35533 45331 45331 45331 45331 145345 344353 353555 415535 455454 534444 614355 1535440 3144335 3416331 3444434 3453334 3533331 3535443 3545550 4344355 4455343 4535453 5431335 31433550 33355455 34534354 44135345 64355415 313351553 534333545 534333545 1334353343 1774736882 1774736882 
15 35 55 55 313 313 353 533 534 3335 4334 4535 5441 14357 15353 35554 41551 43340 43453 63513 134314 333554 335441 335441 353555 415435 431531 443335 443335 444143 534444 534444 534455 633357 1535440 3133431 3144335 3335515 4435354 13345140 31335145 33334354 33355455 34453310 44135345 55533435 334341345 334434554 453634147 634341535 
-161415979 1 334 353 414 414 433 550 1453 3335 3335 3535 4333 4535 31435 33155 33335 34433 35314 35314 43555 43555 63513 134314 153544 153544 153544 333554 344330 344353 354555 415435 415535 443335 445541 455454 455454 513353 554435 1334514 3143355 3144335 3444434 33143357 43133415 43143541 51335535 315333550 334341345 441353450 
-950621756 -291141295 1 1 13 35 55 353 534 535 3434 3445 4433 4440 4535 5337 6330 15353 31435 33335 34433 34433 34433 34434 35314 43555 134314 344353 415535 455454 514334 534455 544544 3143355 3533331 3535443 4535453 5544350 34534354 34534354 51335535 53433555 63333531 334343435 344534515 344613335 534333545 653455153 1774736882 1793827901 
-860633986 -276647127 13 33 34 334 355 633 1435 3335 3535 3535 4334 4353 33155 34433 35314 35413 43453 43555 44451 63335 63513 333344 345540 353555 354555 445541 533355 533355 534434 534434 1334514 1334514 3133431 3444434 4453453 4455343 4535453 5344550 6363441 13354514 33333343 34344535 55533435 73696186 313333535 313351457 444553544 534333545 
15 55 55 334 434 533 534 3314 3415 3415 3445 3445 3535 4334 4353 5441 15353 34150 35413 41551 43555 44434 45331 344340 415435 443335 444143 453314 3314335 3354410 3444434 3445331 4344355 4535453 5143347 5344440 31335145 31533355 34534354 41333415 43133415 43133415 44135345 45363414 51335535 413355131 431435417 444553544 1774736882 2060368058 
35 313 414 3335 3415 3434 4140 4433 4543 5347 5441 31435 33335 34433 35533 35554 43555 45331 63513 134314 134314 153544 344330 415535 514334 534444 534455 3416331 3444434 4455343 6363441 6363441 31335145 33355455 43133415 44335533 44335533 63333531 93615186 344613335 345343547 354133554 354133554 413355131 431533355 431533355 431533355 513355350 653455153 758409826 
-161415979 13 34 313 633 633 1435 3335 3415 4334 4353 4433 4514 4514 4535 5441 31435 33155 35314 35554 43555 44434 44451 333344 335441 344353 455454 514334 533355 534434 1334514 3143355 3535443 3535557 4155350 4435354 34344535 34453310 41333415 44135345 54445345 54445345 54445345 64355415 64355415 334341345 334343435 413355131 513355350 1774736882 
-871155893 -291141295 34 334 533 1453 3314 4353 15353 31355 33147 35413 35554 43555 43555 44433 44433 44451 134314 333344 335441 415535 514334 534434 534455 3135335 3335310 3416331 3533331 3535443 3545550 4433350 4455343 6363441 31335145 33334354 33355157 33355455 34344535 34344535 44335533 45363414 53543335 133545140 313333535 313351553 343433331 343433331 344343335 1334353343 
-2055383062 15 35 55 355 444 4433 4514 34433 34434 34434 34554 35314 43537 43555 44433 45455 45455 333344 333554 533355 544544 614355 1334514 3135335 3445331 3445331 4434357 4535453 6143550 6361455 6363441 43143541 44335533 344343335 344613335 344613335 344613335 354133554 413355131 413355131 413355131 513355350 534333545 634341535 1048368154 1334353343 1334353343 1793827901 1793827901 
13 55 414 434 434 534 1453 3137 3335 4333 4543 34344 35314 35413 35413 35533 45331 45331 45331 45331 145345 344353 353555 415535 455454 534444 614355 1535440 3144335 3416331 3444434 3453334 3533331 3535443 3545550 4344355 4455343 4535453 5431335 31433550 33355455 34534354 44135345 64355415 313351553 534333545 534333545 1334353343 1774736882 1774736882 
15 35 55 55 313 313 353 533 534 3335 4334 4535 5441 14357 15353 35554 41551 43340 43453 63513 134314 333554 335441 335441 353555 415435 431531 443335 443335 444143 534444 534444 534455 633357 1535440 3133431 3144335 3335515 4435354 13345140 31335145 33334354 33355455 34453310 44135345 55533435 334341345 334434554 453634147 634341535 
-161415979 1 334 353 414 414 433 550 1453 3335 3335 3535 4333 4535 31435 33155 33335 34433 35314 35314 43555 43555 63513 134314 153544 153544 153544 333554 344330 344353 354555 415435 415535 443335 445541 455454 455454 513353 554435 1334514 3143355 3144335 3444434 33143357 43133415 43143541 51335535 315333550 334341345 441353450 
-950621756 -291141295 1 1 13 35 55 353 534 535 3434 3445 4433 4440 4535 5337 6330 15353 31435 33335 34433 34433 34433 34434 35314 43555 134314 344353 415535 455454 514334 534455 544544 3143355 3533331 3535443 4535453 5544350 34534354 34534354 51335535 53433555 63333531 334343435 344534515 344613335 534333545 653455153 1774736882 1793827901 
-860633986 -276647127 13 33 34 334 355 633 1435 3335 3535 3535 4334 4353 33155 34433 35314 35413 43453 43555 44451 63335 63513 333344 345540 353555 354555 445541 533355 533355 534434 534434 1334514 1334514 3133431 3444434 4453453 4455343 4535453 5344550 6363441 13354514 33333343 34344535 55533435 73696186 313333535 313351457 444553544 534333545 
15 55 55 334 434 533 534 3314 3415 3415 3445 3445 3535 4334 4353 5441 15353 34150 35413 41551 43555 44434 45331 344340 415435 443335 444143 453314 3314335 3354410 3444434 3445331 4344355 4535453 5143347 5344440 31335145 31533355 34534354 41333415 43133415 43133415 44135345 45363414 51335535 413355131 431435417 444553544 1774736882 2060368058 
35 313 414 3335 3415 3434 4140 4433 4543 5347 5441 31435 33335 34433 35533 35554 43555 45331 63513 134314 134314 153544 344330 415535 514334 534444 534455 3416331 3444434 4455343 6363441 6363441 31335145 33355455 43133415 44335533 44335533 63333531 93615186 344613335 345343547 354133554 354133554 413355131 431533355 431533355 431533355 513355350 653455153 758409826 
-161415979 13 34 313 633 633 1435 3335 3415 4334 4353 4433 4514 4514 4535 5441 31435 33155 35314 35554 43555 44434 44451 333344 335441 344353 455454 514334 533355 534434 1334514 3143355 3535443 3535557 4155350 4435354 34344535 34453310 41333415 44135345 54445345 54445345 54445345 64355415 64355415 334341345 334343435 413355131 513355350 1774736882 
-871155893 -291141295 34 334 533 1453 3314 4353 15353 31355 33147 35413 35554 43555 43555 44433 44433 44451 134314 333344 335441 415535 514334 534434 534455 3135335 3335310 3416331 3533331 3535443 3545550 4433350 4455343 6363441 31335145 33334354 33355157 33355455 34344535 34344535 44335533 45363414 53543335 133545140 313333535 313351553 343433331 343433331 344343335 1334353343 
-2055383062 15 35 55 355 444 4433 4514 34433 34434 34434 34554 35314 43537 43555 44433 45455 45455 333344 333554 533355 544544 614355 1334514 3135335 3445331 3445331 4434357 4535453 6143550 6361455 6363441 43143541 44335533 344343335 344613335 344613335 344613335 354133554 413355131 413355131 413355131 513355350 534333545 634341535 1048368154 1334353343 1334353343 1793827901 1793827901 
13 55 414 434 434 534 1453 3137 3335 4333 4543 34344 35314 35413 35413 35533 45331 45331 45331 45331 145345 344353 353555 415535 455454 534444 614355 1535440 3144335 3416331 3444434 3453334 3533331 3535443 3545550 4344355 4455343 4535453 5431335 31433550 33355455 34534354 44135345 64355415 313351553 534333545 534333545 1334353343 1774736882 1774736882 
15 35 55 55 313 313 353 533 534 3335 4334 4535 5441 14357 15353 35554 41551 43340 43453 63513 134314 333554 335441 335441 353555 415435 431531 443335 443335 444143 534444 534444 534455 633357 1535440 3133431 3144335 3335515 4435354 13345140 31335145 33334354 33355455 34453310 44135345 55533435 334341345 334434554 453634147 634341535 
-161415979 1 334 353 414 414 433 550 1453 3335 3335 3535 4333 4535 31435 33155 33335 34433 35314 35314 43555 43555 63513 134314 153544 153544 153544 333554 344330 344353 354555 415435 415535 443335 445541 455454 455454 513353 554435 1334514 3143355 3144335 3444434 33143357 43133415 43143541 51335535 315333550 334341345 441353450 
-950621756 -291141295 1 1 13 35 55 353 534 535 3434 3445 4433 4440 4535 5337 6330 15353 31435 33335 34433 34433 34433 34434 35314 43555 134314 344353 415535 455454 514334 534455 544544 3143355 3533331 3535443 4535453 5544350 34534354 34534354 51335535 53433555 63333531 334343435 344534515 344613335 534333545 653455153 1774736882 1793827901 
-860633986 -276647127 13 33 34 334 355 633 1435 3335 3535 3535 4334 4353 33155 34433 35314 35413 43453 43555 44451 63335 63513 333344 345540 353555 354555 445541 533355 533355 534434 534434 1334514 1334514 3133431 3444434 4453453 4455343 4535453 5344550 6363441 13354514 33333343 34344535 55533435 73696186 313333535 313351457 444553544 534333545 
15 55 55 334 434 533 534 3314 3415 3415 3445 3445 3535 4334 4353 5441 15353 34150 35413 41551 43555 44434 45331 344340 415435 443335 444143 453314 3314335 3354410 3444434 3445331 4344355 4535453 5143347 5344440 31335145 31533355 34534354 41333415 43133415 43133415 44135345 45363414 51335535 413355131 431435417 444553544 1774736882 2060368058 
35 313 414 3335 3415 3434 4140 4433 4543 5347 5441 31435 33335 34433 35533 35554 43555 45331 63513 134314 134314 153544 344330 415535 514334 534444 534455 3416331 3444434 4455343 6363441 6363441 31335145 33355455 43133415 44335533 44335533 63333531 93615186 344613335 345343547 354133554 354133554 413355131 431533355 431533355 431533355 513355350 653455153 758409826 
-161415979 13 34 313 633 633 1435 3335 3415 4334 4353 4433 4514 4514 4535 5441 31435 33155 35314 35554 43555 44434 44451 333344 335441 344353 455454 514334 533355 534434 1334514 3143355 3535443 3535557 4155350 4435354 34344535 34453310 41333415 44135345 54445345 54445345 54445345 64355415 64355415 334341345 334343435 413355131 513355350 1774736882 
-871155893 -291141295 34 334 533 1453 3314 4353 15353 31355 33147 35413 35554 43555 43555 44433 44433 44451 134314 333344 335441 415535 514334 534434 534455 3135335 3335310 3416331 3533331 3535443 3545550 4433350 4455343 6363441 31335145 33334354 33355157 33355455 34344535 34344535 44335533 45363414 53543335 133545140 313333535 313351553 343433331 343433331 344343335 1334353343 
-2055383062 15 35 55 355 444 4433 4514 34433 34434 34434 34554 35314 43537 43555 44433 45455 45455 333344 333554 533355 544544 614355 1334514 3135335 3445331 3445331 4434357 4535453 6143550 6361455 6363441 43143541 44335533 344343335 344613335 344613335 344613335 354133554 413355131 413355131 413355131 513355350 534333545 634341535 1048368154 1334353343 1334353343 1793827901 1793827901 
13 55 414 434 434 534 1453 3137 3335 4333 4543 34344 35314 35413 35413 35533 45331 45331 45331 45331 145345 344353 353555 415535 455454 534444 614355 1535440 3144335 3416331 3444434 3453334 3533331 3535443 3545550 4344355 4455343 4535453 5431335 31433550 33355455 34534354 44135345 64355415 313351553 534333545 534333545 1334353343 1774736882 1774736882 
15 35 55 55 313 313 353 533 534 3335 4334 4535 5441 14357 15353 35554 41551 43340 43453 63513 134314 333554 335441 335441 353555 415435 431531 443335 443335 444143 534444 534444 534455 633357 1535440 3133431 3144335 3335515 4435354 13345140 31335145 33334354 33355455 34453310 44135345 55533435 334341345 334434554 453634147 634341535 
-161415979 1 334 353 414 414 433 550 1453 3335 3335 3535 4333 4535 31435 33155 33335 34433 35314 35314 43555 43555 63513 134314 153544 153544 153544 333554 344330 344353 354555 415435 415535 443335 445541 455454 455454 513353 554435 1334514 3143355 3144335 3444434 33143357 43133415 43143541 51335535 315333550 334341345 441353450 
-950621756 -291141295 1 1 13 35 55 353 534 535 3434 3445 4433 4440 4535 5337 6330 15353 31435 33335 34433 34433 34433 34434 35314 43555 134314 344353 415535 455454 514334 534455 544544 3143355 3533331 3535443 4535453 5544350 34534354 34534354 51335535 53433555 63333531 334343435 344534515 344613335 534333545 653455153 1774736882 1793827901 
-860633986 -276647127 13 33 34 334 355 633 1435 3335 3535 3535 4334 4353 33155 34433 35314 35413 43453 43555 44451 63335 63513 333344 345540 353555 354555 445541 533355 533355 534434 534434 1334514 1334514 3133431 3444434 4453453 4455343 4535453 5344550 6363441 13354514 33333343 34344535 55533435 73696186 313333535 313351457 444553544 534333545 
15 55 55 334 434 533 534 3314 3415 3415 3445 3445 3535 4334 4353 5441 15353 34150 35413 41551 43555 44434 45331 344340 415435 443335 444143 453314 3314335 3354410 3444434 3445331 4344355 4535453 5143347 5344440 31335145 31533355 34534354 41333415 43133415 43133415 44135345 45363414 51335535 413355131 431435417 444553544 1774736882 2060368058 
35 313 414 3335 3415 3434 4140 4433 4543 5347 5441 31435 33335 34433 35533 35554 43555 45331 63513 134314 134314 153544 344330 415535 514334 534444 534455 3416331 3444434 4455343 6363441 6363441 31335145 33355455 43133415 44335533 44335533 63333531 93615186 344613335 345343547 354133554 354133554 413355131 431533355 431533355 431533355 513355350 653455153 758409826 
-161415979 13 34 313 633 633 1435 3335 3415 4334 4353 4433 4514 4514 4535 5441 31435 33155 35314 35554 43555 44434 44451 333344 335441 344353 455454 514334 533355 534434 1334514 3143355 3535443 3535557 4155350 4435354 34344535 34453310 41333415 44135345 54445345 54445345 54445345 64355415 64355415 334341345 334343435 413355131 513355350 1774736882 
-871155893 -291141295 34 334 533 1453 3314 4353 15353 31355 33147 35413 35554 43555 43555 44433 44433 44451 134314 333344 335441 415535 514334 534434 534455 3135335 3335310 3416331 3533331 3535443 3545550 4433350 4455343 6363441 31335145 33334354 33355157 33355455 34344535 34344535 44335533 45363414 53543335 133545140 313333535 313351553 343433331 343433331 344343335 1334353343 
-2055383062 15 35 55 355 444 4433 4514 34433 34434 34434 34554 35314 43537 43555 44433 45455 45455 333344 333554 533355 544544 614355 1334514 3135335 3445331 3445331 4434357 4535453 6143550 6361455 6363441 43143541 44335533 344343335 344613335 344613335 344613335 354133554 413355131 413355131 413355131 513355350 534333545 634341535 1048368154 1334353343 1334353343 1793827901 1793827901 
13 55 414 434 434 534 1453 3137 3335 4333 4543 34344 35314 35413 35413 35533 45331 45331 45331 45331 145345 344353 353555 415535 455454 534444 614355 1535440 3144335 3416331 3444434 3453334 3533331 3535443 3545550 4344355 4455343 4535453 5431335 31433550 33355455 34534354 44135345 64355415 313351553 534333545 534333545 1334353343 1774736882 1774736882 
15 35 55 55 313 313 353 533 534 3335 4334 4535 5441 14357 15353 35554 41551 43340 43453 63513 134314 333554 335441 335441 353555 415435 431531 443335 443335 444143 534444 534444 534455 633357 1535440 3133431 3144335 3335515 4435354 13345140 31335145 33334354 33355455 34453310 44135345 55533435 334341345 334434554 453634147 634341535 
-161415979 1 334 353 414 414 433 550 1453 3335 3335 3535 4333 4535 31435 33155 33335 34433 35314 35314 43555 43555 63513 134314 153544 153544 153544 333554 344330 344353 354555 415435 415535 443335 445541 455454 455454 513353 554435 1334514 3143355 3144335 3444434 33143357 43133415 43143541 51335535 315333550 334341345 441353450 
-950621756 -291141295 1 1 13 35 55 353 534 535 3434 3445 4433 4440 4535 5337 6330 15353 31435 33335 34433 34433 34433 34434 35314 43555 134314 344353 415535 455454 514334 534455 544544 3143355 3533331 3535443 4535453 5544350 34534354 34534354 51335535 53433555 63333531 334343435 344534515 344613335 534333545 653455153 1774736882 1793827901 
-860633986 -276647127 13 33 34 334 355 633 1435 3335 3535 3535 4334 4353 33155 34433 35314 35413 43453 43555 44451 63335 63513 333344 345540 353555 354555 445541 533355 533355 534434 534434 1334514 1334514 3133431 3444434 4453453 4455343 4535453 5344550 6363441 13354514 33333343 34344535 55533435 73696186 313333535 313351457 444553544 534333545 
15 55 55 334 434 533 534 3314 3415 3415 3445 3445 3535 4334 4353 5441 15353 34150 35413 41551 43555 44434 45331 344340 415435 443335 444143 453314 3314335 3354410 3444434 3445331 4344355 4535453 5143347 5344440 31335145 31533355 34534354 41333415 43133415 43133415 44135345 45363414 51335535 413355131 431435417 444553544 1774736882 2060368058 
35 313 414 3335 3415 3434 4140 4433 4543 5347 5441 31435 33335 34433 35533 35554 43555 45331 63513 134314 134314 153544 344330 415535 514334 534444 534455 3416331 3444434 4455343 6363441 6363441 31335145 33355455 43133415 44335533 44335533 63333531 93615186 344613335 345343547 354133554 354133554 413355131 431533355 431533355 431533355 513355350 653455153 758409826 
-161415979 13 34 313 633 633 1435 3335 3415 4334 4353 4433 4514 4514 4535 5441 31435 33155 35314 35554 43555 44434 44451 333344 335441 344353 455454 514334 533355 534434 1334514 3143355 3535443 3535557 4155350 4435354 34344535 34453310 41333415 44135345 54445345 54445345 54445345 64355415 64355415 334341345 334343435 413355131 513355350 1774736882 
-871155893 -291141295 34 334 533 1453 3314 4353 15353 31355 33147 35413 35554 43555 43555 44433 44433 44451 134314 333344 335441 415535 514334 534434 534455 3135335 3335310 3416331 3533331 3535443 3545550 4433350 4455343 6363441 31335145 33334354 33355157 33355455 34344535 34344535 44335533 45363414 53543335 133545140 313333535 313351553 343433331 343433331 344343335 1334353343 
-2055383062 15 35 55 355 444 4433 4514 34433 34434 34434 34554 35314 43537 43555 44433 45455 45455 333344 333554 533355 544544 614355 1334514 3135335 3445331 3445331 4434357 4535453 6143550 6361455 6363441 43143541 44335533 344343335 344613335 344613335 344613335 354133554 413355131 413355131 413355131 513355350 534333545 634341535 1048368154 1334353343 1334353343 1793827901 1793827901 
13 55 414 434 434 534 1453 3137 3335 4333 4543 34344 35314 35413 35413 35533 45331 45331 45331 45331 145345 344353 353555 415535 455454 534444 614355 1535440 3144335 3416331 3444434 3453334 3533331 3535443 3545550 4344355 4455343 4535453 5431335 31433550 33355455 34534354 44135345 64355415 313351553 534333545 534333545 1334353343 1774736882 1774736882 
15 35 55 55 313 313 353 533 534 3335 4334 4535 5441 14357 15353 35554 41551 43340 43453 63513 134314 333554 335441 335441 353555 415435 431531 443335 443335 444143 534444 534444 534455 633357 1535440 3133431 3144335 3335515 4435354 13345140 31335145 33334354 33355455 34453310 44135345 55533435 334341345 334434554 453634147 634341535 
-161415979 1 334 353 414 414 433 550 1453 3335 3335 3535 4333 4535 31435 33155 33335 34433 35314 35314 43555 43555 63513 134314 153544 153544 153544 333554 344330 344353 354555 415435 415535 443335 445541 455454 455454 513353 554435 1334514 3143355 3144335 3444434 33143357 43133415 43143541 51335535 315333550 334341345 441353450 
-950621756 -291141295 1 1 13 35 55 353 534 535 3434 3445 4433 4440 4535 5337 6330 15353 31435 33335 34433 34433 34433 34434 35314 43555 134314 344353 415535 455454 514334 534455 544544 3143355 3533331 3535443 4535453 5544350 34534354 34534354 51335535 53433555 63333531 334343435 344534515 344613335 534333545 653455153 1774736882 1793827901 
-860633986 -276647127 13 33 34 334 355 633 1435 3335 3535 3535 4334 4353 33155 34433 35314 35413 43453 43555 44451 63335 63513 333344 345540 353555 354555 445541 533355 533355 534434 534434 1334514 1334514 3133431 3444434 4453453 4455343 4535453 5344550 6363441 13354514 33333343 34344535 55533435 73696186 313333535 313351457 444553544 534333545 
15 55 55 334 434 533 534 3314 3415 3415 3445 3445 3535 4334 4353 5441 15353 34150 35413 41551 43555 44434 45331 344340 415435 443335 444143 453314 3314335 3354410 3444434 3445331 4344355 4535453 5143347 5344440 31335145 31533355 34534354 41333415 43133415 43133415 44135345 45363414 51335535 413355131 431435417 444553544 1774736882 2060368058 
35 313 414 3335 3415 3434 4140 4433 4543 5347 5441 31435 33335 34433 35533 35554 43555 45331 63513 134314 134314 153544 344330 415535 514334 534444 534455 3416331 3444434 4455343 6363441 6363441 31335145 33355455 43133415 44335533 44335533 63333531 93615186 344613335 345343547 354133554 354133554 413355131 431533355 431533355 431533355 513355350 653455153 758409826 
-161415979 13 34 313 633 633 1435 3335 3415 4334 4353 4433 4514 4514 4535 5441 31435 33155 35314 35554 43555 44434 44451 333344 335441 344353 455454 514334 533355 534434 1334514 3143355 3535443 3535557 4155350 4435354 34344535 34453310 41333415 44135345 54445345 54445345 54445345 64355415 64355415 334341345 334343435 413355131 513355350 1774736882 
-871155893 -291141295 34 334 533 1453 3314 4353 15353 31355 33147 35413 35554 43555 43555 44433 44433 44451 134314 333344 335441 415535 514334 534434 534455 3135335 3335310 3416331 3533331 3535443 3545550 4433350 4455343 6363441 31335145 33334354 33355157 33355455 34344535 34344535 44335533 45363414 53543335 133545140 313333535 313351553 343433331 343433331 344343335 1334353343 
-2055383062 15 35 55 355 444 4433 4514 34433 34434 34434 34554 35314 43537 43555 44433 45455 45455 333344 333554 533355 544544 614355 1334514 3135335 3445331 3445331 4434357 4535453 6143550 6361455 6363441 43143541 44335533 344343335 344613335 344613335 344613335 354133554 413355131 413355131 413355131 513355350 534333545 634341535 1048368154 1334353343 1334353343 1793827901 1793827901 
13 55 414 434 434 534 1453 3137 3335 4333 4543 34344 35314 35413 35413 35533 45331 45331 45331 45331 145345 344353 353555 415535 455454 534444 614355 1535440 3144335 3416331 3444434 3453334 3533331 3535443 3545550 4344355 4455343 4535453 5431335 31433550 33355455 34534354 44135345 64355415 313351553 534333545 534333545 1334353343 1774736882 1774736882 
15 35 55 55 313 313 353 533 534 3335 4334 4535 5441 14357 15353 35554 41551 43340 43453 63513 134314 333554 335441 335441 353555 415435 431531 443335 443335 444143 534444 534444 534455 633357 1535440 3133431 3144335 3335515 4435354 13345140 31335145 33334354 33355455 34453310 44135345 55533435 334341345 334434554 453634147 634341535 
-161415979 1 334 353 414 414 433 550 1453 3335 3335 3535 4333 4535 31435 33155 33335 34433 35314 35314 43555 43555 63513 134314 153544 153544 153544 333554 344330 344353 354555 415435 415535 443335 445541 455454 455454 513353 554435 1334514 3143355 3144335 3444434 33143357 43133415 43143541 51335535 315333550 334341345 441353450 
-950621756 -291141295 1 1 13 35 55 353 534 535 3434 3445 4433 4440 4535 5337 6330 15353 31435 33335 34433 34433 34433 34434 35314 43555 134314 344353 415535 455454 514334 534455 544544 3143355 3533331 3535443 4535453 5544350 34534354 34534354 51335535 53433555 63333531 334343435 344534515 344613335 534333545 653455153 1774736882 1793827901 
-860633986 -276647127 13 33 34 334 355 633 1435 3335 3535 3535 4334 4353 33155 34433 35314 35413 43453 43555 44451 63335 63513 333344 345540 353555 354555 445541 533355 533355 534434 534434 1334514 1334514 3133431 3444434 4453453 4455343 4535453 5344550 6363441 13354514 33333343 34344535 55533435 73696186 313333535 313351457 444553544 534333545 
15 55 55 334 434 533 534 3314 3415 3415 3445 3445 3535 4334 4353 5441 15353 34150 35413 41551 43555 44434 45331 344340 415435 443335 444143 453314 3314335 3354410 3444434 3445331 4344355 4535453 5143347 5344440 31335145 31533355 34534354 41333415 43133415 43133415 44135345 45363414 51335535 413355131 431435417 444553544 1774736882 2060368058 
35 313 414 3335 3415 3434 4140 4433 4543 5347 5441 31435 33335 34433 35533 35554 43555 45331 63513 134314 134314 153544 344330 415535 514334 534444 534455 3416331 3444434 4455343 6363441 6363441 31335145 33355455 43133415 44335533 44335533 63333531 93615186 344613335 345343547 354133554 354133554 413355131 431533355 431533355 431533355 513355350 653455153 758409826 
-161415979 13 34 313 633 633 1435 3335 3415 4334 4353 4433 4514 4514 4535 5441 31435 33155 35314 35554 43555 44434 44451 333344 335441 344353 455454 514334 533355 534434 1334514 3143355 3535443 3535557 4155350 4435354 34344535 34453310 41333415 44135345 54445345 54445345 54445345 64355415 64355415 334341345 334343435 413355131 513355350 1774736882 
-871155893 -291141295 34 334 533 1453 3314 4353 15353 31355 33147 35413 35554 43555 43555 44433 44433 44451 134314 333344 335441 415535 514334 534434 534455 3135335 3335310 3416331 3533331 3535443 3545550 4433350 4455343 6363441 31335145 33334354 33355157 33355455 34344535 34344535 44335533 45363414 53543335 133545140 313333535 313351553 343433331 343433331 344343335 1334353343 
-2055383062 15 35 55 355 444 4433 4514 34433 34434 34434 34554 35314 43537 43555 44433 45455 45455 333344 333554 533355 544544 614355 1334514 3135335 3445331 3445331 4434357 4535453 6143550 6361455 6363441 43143541 44335533 344343335 344613335 344613335 344613335 354133554 413355131 413355131 413355131 513355350 534333545 634341535 1048368154 1334353343 1334353343 1793827901 1793827901 
13 55 414 434 434 534 1453 3137 3335 4333 4543 34344 35314 35413 35413 35533 45331 45331 45331 45331 145345 344353 353555 415535 455454 534444 614355 1535440 3144335 3416331 3444434 3453334 3533331 3535443 3545550 4344355 4455343 4535453 5431335 31433550 33355455 34534354 44135345 64355415 313351553 534333545 534333545 1334353343 1774736882 1774736882 
15 35 55 55 313 313 353 533 534 3335 4334 4535 5441 14357 15353 35554 41551 43340 43453 63513 134314 333554 335441 335441 353555 415435 431531 443335 443335 444143 534444 534444 534455 633357 1535440 3133431 3144335 3335515 4435354 13345140 31335145 33334354 33355455 34453310 44135345 55533435 334341345 334434554 453634147 634341535 
-161415979 1 334 353 414 414 433 550 1453 3335 3335 3535 4333 4535 31435 33155 33335 34433 35314 35314 43555 43555 63513 134314 153544 153544 153544 333554 344330 344353 354555 415435 415535 443335 445541 455454 455454 513353 554435 1334514 3143355 3144335 3444434 33143357 43133415 43143541 51335535 315333550 334341345 441353450 
-950621756 -291141295 1 1 13 35 55 353 534 535 3434 3445 4433 4440 4535 5337 6330 15353 31435 33335 34433 34433 34433 34434 35314 43555 134314 344353 415535 455454 514334 534455 544544 3143355 3533331 3535443 4535453 5544350 34534354 34534354 51335535 53433555 63333531 334343435 344534515 344613335 534333545 653455153 1774736882 1793827901 
-860633986 -276647127 13 33 34 334 355 633 1435 3335 3535 3535 4334 4353 33155 34433 35314 35413 43453 43555 44451 63335 63513 333344 345540 353555 354555 445541 533355 533355 534434 534434 1334514 1334514 3133431 3444434 4453453 4455343 4535453 5344550 6363441 13354514 33333343 34344535 55533435 73696186 313333535 313351457 444553544 534333545 
15 55 55 334 434 533 534 3314 3415 3415 3445 3445 3535 4334 4353 5441 15353 34150 35413 41551 43555 44434 45331 344340 415435 443335 444143 453314 3314335 3354410 3444434 3445331 4344355 4535453 5143347 5344440 31335145 31533355 34534354 41333415 43133415 43133415 44135345 45363414 51335535 413355131 431435417 444553544 1774736882 2060368058 
35 313 414 3335 3415 3434 4140 4433 4543 5347 5441 31435 33335 34433 35533 35554 43555 45331 63513 134314 134314 153544 344330 415535 514334 534444 534455 3416331 3444434 4455343 6363441 6363441 31335145 33355455 43133415 44335533 44335533 63333531 93615186 344613335 345343547 354133554 354133554 413355131 431533355 431533355 431533355 513355350 653455153 758409826 
-161415979 13 34 313 633 633 1435 3335 3415 4334 4353 4433 4514 4514 4535 5441 31435 33155 35314 35554 43555 44434 44451 333344 335441 344353 455454 514334 533355 534434 1334514 3143355 3535443 3535557 4155350 4435354 34344535 34453310 41333415 44135345 54445345 54445345 54445345 64355415 64355415 334341345 334343435 413355131 513355350 1774736882 
-871155893 -291141295 34 334 533 1453 3314 4353 15353 31355 33147 35413 35554 43555 43555 44433 44433 44451 134314 333344 335441 415535 514334 534434 534455 3135335 3335310 3416331 3533331 3535443 3545550 4433350 4455343 6363441 31335145 33334354 33355157 33355455 34344535 34344535 44335533 45363414 53543335 133545140 313333535 313351553 343433331 343433331 344343335 1334353343 
